##
# Returns active user statistics
#
# - number of active users
# - histogram by number of friends, containing average percentage of number of
# active friends
#
# A user is 'active' if he logged into the site in the past _num_days_ days

GET /traversals/active_user_ids/30

Response: 200 OK

Body:
{
    "hist": [
        [
            0, 
            14913, 
            0
        ], 
        [
            1, 
            6453, 
            0.22749108941577562
        ], 
        [
            2, 
            2142, 
            0.4393090569561158
        ], 
        [
            3, 
            675, 
            0.5437037037037037
        ], 
        [
            4, 
            235, 
            0.6680851063829787
        ], 
        [
            5, 
            76, 
            0.881578947368421
        ], 
        [
            6, 
            30, 
            0.9
        ], 
        [
            7, 
            22, 
            1.3636363636363635
        ], 
        [
            8, 
            4, 
            1
        ], 
        [
            9, 
            5, 
            1
        ], 
        [
            10, 
            4, 
            2.25
        ], 
        [
            11, 
            2, 
            0.5
        ], 
        [
            12, 
            3, 
            4
        ], 
        [
            13, 
            1, 
            1
        ], 
        [
            14, 
            0, 
            0
        ], 
        [
            15, 
            2, 
            3.5
        ], 
        [
            16, 
            2, 
            8.5
        ], 
        [
            17, 
            1, 
            1
        ], 
        [
            18, 
            2, 
            7.5
        ], 
        [
            19, 
            2, 
            6
        ], 
        [
            20, 
            0, 
            0
        ], 
        [
            21, 
            0, 
            0
        ], 
        [
            22, 
            0, 
            0
        ], 
        [
            23, 
            0, 
            0
        ], 
        [
            24, 
            1, 
            11
        ], 
        [
            25, 
            2, 
            7.5
        ], 
        [
            26, 
            0, 
            0
        ], 
        [
            27, 
            0, 
            0
        ], 
        [
            28, 
            0, 
            0
        ], 
        [
            29, 
            1, 
            7
        ], 
        [
            30, 
            1, 
            9
        ], 
        [
            31, 
            0, 
            0
        ], 
        [
            32, 
            0, 
            0
        ], 
        [
            33, 
            1, 
            11
        ], 
        [
            34, 
            0, 
            0
        ], 
        [
            35, 
            0, 
            0
        ], 
        [
            36, 
            0, 
            0
        ], 
        [
            37, 
            1, 
            9
        ], 
        [
            38, 
            2, 
            16.5
        ], 
        [
            39, 
            0, 
            0
        ], 
        [
            40, 
            0, 
            0
        ], 
        [
            41, 
            0, 
            0
        ], 
        [
            42, 
            0, 
            0
        ], 
        [
            43, 
            1, 
            16
        ], 
        [
            44, 
            1, 
            11
        ], 
        [
            45, 
            0, 
            0
        ], 
        [
            46, 
            0, 
            0
        ], 
        [
            47, 
            1, 
            14
        ], 
        [
            48, 
            0, 
            0
        ], 
        [
            49, 
            0, 
            0
        ], 
        [
            50, 
            0, 
            0
        ], 
        [
            51, 
            0, 
            0
        ], 
        [
            52, 
            0, 
            0
        ], 
        [
            53, 
            1, 
            8
        ], 
        [
            54, 
            0, 
            0
        ], 
        [
            55, 
            2, 
            17
        ], 
        [
            56, 
            1, 
            17
        ], 
        [
            57, 
            0, 
            0
        ], 
        [
            58, 
            0, 
            0
        ], 
        [
            59, 
            0, 
            0
        ], 
        [
            60, 
            0, 
            0
        ], 
        [
            61, 
            1, 
            26
        ], 
        [
            62, 
            0, 
            0
        ], 
        [
            63, 
            0, 
            0
        ], 
        [
            64, 
            0, 
            0
        ], 
        [
            65, 
            0, 
            0
        ], 
        [
            66, 
            0, 
            0
        ], 
        [
            67, 
            0, 
            0
        ], 
        [
            68, 
            0, 
            0
        ], 
        [
            69, 
            0, 
            0
        ], 
        [
            70, 
            0, 
            0
        ], 
        [
            71, 
            0, 
            0
        ], 
        [
            72, 
            3, 
            17
        ], 
        [
            73, 
            0, 
            0
        ], 
        [
            74, 
            0, 
            0
        ], 
        [
            75, 
            0, 
            0
        ], 
        [
            76, 
            0, 
            0
        ], 
        [
            77, 
            0, 
            0
        ], 
        [
            78, 
            0, 
            0
        ], 
        [
            79, 
            0, 
            0
        ], 
        [
            80, 
            0, 
            0
        ], 
        [
            81, 
            0, 
            0
        ], 
        [
            82, 
            0, 
            0
        ], 
        [
            83, 
            0, 
            0
        ], 
        [
            84, 
            0, 
            0
        ], 
        [
            85, 
            1, 
            25
        ], 
        [
            86, 
            0, 
            0
        ], 
        [
            87, 
            1, 
            24
        ]
    ], 
    "num_active": 24596
}
    
